   1.96,      1,    0.6,      0, -0.808,  -8.87,   30.4
    1.2,      1,      0,      0, -0.196,  -10.2,   30.6
    1.2,      1,      0,      0,  -2.03,  -8.58,   31.2
    1.2,      1,      0,      0,   0.27,  -7.72,   30.6
    1.2,      1,      0,      0,   4.19,  -7.68,   32.2
    1.4,    0.5,    0.5,    0.5,   2.25,  -5.41,     32
   1.06,    0.9,    0.9,    0.9,   3.11,  -4.88,   32.4
    1.4,    0.5,    0.5,    0.5,   2.04,  -6.74,   32.7
   1.06,    0.9,    0.9,    0.9,   2.42,  -6.73,   33.7
   1.06,    0.9,    0.9,    0.9,  0.982,  -7.01,   32.7
    1.4,    0.5,    0.5,    0.5,   2.82,   -7.7,   31.8
   1.06,    0.9,    0.9,    0.9,   2.44,  -8.72,   31.9
    1.4,    0.5,    0.5,    0.5,   2.61,  -7.13,   30.4
   1.06,    0.9,    0.9,    0.9,   3.47,  -7.43,   29.8
    1.4,    0.5,    0.5,    0.5,   1.36,  -7.58,   29.7
   1.06,    0.9,    0.9,    0.9,    1.1,  -6.84,   28.9
   1.06,    0.9,    0.9,    0.9,   1.56,  -8.53,   29.2
    1.2,      1,      0,      0,   2.53,  -5.68,   30.6
    1.3,      0,      0,      1,  -1.65, -0.802,   32.3
   1.06,    0.9,    0.9,    0.9,  -1.75,  0.217,   32.4
   1.06,    0.9,    0.9,    0.9,  -2.48,   -1.4,   32.2
    1.4,    0.5,    0.5,    0.5, -0.417,  -1.35,   32.3
    1.4,    0.5,    0.5,    0.5, -0.191,  -2.73,   32.2
    1.3,      0,      0,      1,  -1.05,  -3.81,     32
    1.4,    0.5,    0.5,    0.5, -0.253,  -4.83,   31.9
   1.06,    0.9,    0.9,    0.9, -0.608,  -5.86,   31.8
    1.3,      0,      0,      1,   1.07,   -4.5,     32
    1.4,    0.5,    0.5,    0.5,   1.11,  -3.14,   32.2
    1.3,      0,      0,      1,   2.21,  -2.37,   32.3
    1.4,    0.5,    0.5,    0.5,   1.87,   -1.1,   32.4
   1.06,    0.9,    0.9,    0.9,    2.7, -0.407,   32.5
    1.3,      0,      0,      1,  0.658, -0.554,   32.4
   1.96,      1,    0.6,      0,   4.56,  -7.65,   33.7
    1.2,      1,      0,      0,   5.84,  -8.37,     34
    1.2,      1,      0,      0,    3.4,  -8.14,   34.5
    1.2,      1,      0,      0,   4.76,  -6.09,     34
    1.2,      1,      0,      0,    7.9,  -3.75,   35.6
    1.4,    0.5,    0.5,    0.5,      5,  -3.05,   35.4
   1.06,    0.9,    0.9,    0.9,   5.38,  -2.12,   35.8
    1.4,    0.5,    0.5,    0.5,   5.61,  -4.26,   36.1
   1.06,    0.9,    0.9,    0.9,   5.92,  -4.02,   37.1
   1.06,    0.9,    0.9,    0.9,   4.92,   -5.1,   36.1
    1.4,    0.5,    0.5,    0.5,   6.81,  -4.57,   35.2
   1.06,    0.9,    0.9,    0.9,    7.1,  -5.62,   35.3
    1.4,    0.5,    0.5,    0.5,    6.3,  -4.23,   33.8
   1.06,    0.9,    0.9,    0.9,   7.17,  -3.97,   33.2
    1.4,    0.5,    0.5,    0.5,   5.56,  -5.33,   33.1
   1.06,    0.9,    0.9,    0.9,   4.91,  -4.88,   32.3
   1.06,    0.9,    0.9,    0.9,   6.28,  -5.99,   32.6
    1.2,      1,      0,      0,   5.39,  -3.11,     34
    1.3,      0,      0,      1, -0.508,  -2.71,   35.6
   1.06,    0.9,    0.9,    0.9,   -1.1,  -3.55,   35.5
   1.06,    0.9,    0.9,    0.9,  -0.94,  -1.78,   35.7
    1.4,    0.5,    0.5,    0.5,   0.81,  -2.83,   35.5
    1.3,      0,      0,      1,   1.55,  -1.71,   35.6
    1.4,    0.5,    0.5,    0.5,    2.9,  -1.77,   35.6
    1.2,      1,      0,      0,   3.61, -0.761,   35.6
    1.3,      0,      0,      1,   3.52,  -3.01,   35.4
    1.4,    0.5,    0.5,    0.5,   2.77,  -4.15,   35.3
   1.06,    0.9,    0.9,    0.9,   3.28,   -5.1,   35.2
    1.4,    0.5,    0.5,    0.5,   1.42,  -4.11,   35.4
   1.06,    0.9,    0.9,    0.9,  0.819,  -5.02,   35.3
   1.96,      1,    0.6,      0,   8.19,  -3.51,   37.1
    1.2,      1,      0,      0,   9.64,  -3.34,   37.3
    1.2,      1,      0,      0,   7.54,  -4.58,   37.9
    1.2,      1,      0,      0,   7.43,  -2.13,   37.4
    1.2,      1,      0,      0,    8.6,   1.61,     39
    1.4,    0.5,    0.5,    0.5,   5.84,   0.47,   38.7
   1.06,    0.9,    0.9,    0.9,    5.6,   1.45,   39.2
    1.4,    0.5,    0.5,    0.5,   7.04, -0.147,   39.4
   1.06,    0.9,    0.9,    0.9,   7.15,  0.221,   40.5
   1.06,    0.9,    0.9,    0.9,   6.97,  -1.23,   39.5
    1.4,    0.5,    0.5,    0.5,    8.2,    0.3,   38.6
   1.06,    0.9,    0.9,    0.9,   9.05, -0.377,   38.6
    1.4,    0.5,    0.5,    0.5,   7.58,  0.278,   37.2
   1.06,    0.9,    0.9,    0.9,   8.13,   1.01,   36.6
    1.4,    0.5,    0.5,    0.5,   7.63,  -1.04,   36.4
   1.06,    0.9,    0.9,    0.9,   6.84,  -1.06,   35.7
   1.06,    0.9,    0.9,    0.9,    8.6,  -1.15,   35.9
    1.2,      1,      0,      0,   6.19,   0.65,   37.4
    1.3,      0,      0,      1,  0.254,  -1.81,   39.1
   1.06,    0.9,    0.9,    0.9, -0.749,   -1.6,   39.2
   1.06,    0.9,    0.9,    0.9,   0.57,  -2.79,     39
    1.4,    0.5,    0.5,    0.5,   1.15, -0.813,   39.1
    1.4,    0.5,    0.5,    0.5,   2.54,  -1.03,   38.9
    1.3,      0,      0,      1,    3.3,  -2.17,   38.8
    1.4,    0.5,    0.5,    0.5,   4.52,  -1.73,   38.7
   1.06,    0.9,    0.9,    0.9,   5.38,  -2.39,   38.6
    1.3,      0,      0,      1,   4.62, -0.371,   38.8
    1.4,    0.5,    0.5,    0.5,   3.33,  0.088,   38.9
    1.3,      0,      0,      1,   2.94,   1.37,     39
    1.4,    0.5,    0.5,    0.5,   1.63,   1.44,   39.2
   1.06,    0.9,    0.9,    0.9,   1.22,   2.44,   39.3
    1.3,      0,      0,      1,   0.73,  0.455,   39.2
   1.96,      1,    0.6,      0,   8.69,   1.97,   40.5
    1.2,      1,      0,      0,   9.76,   2.96,   40.7
    1.2,      1,      0,      0,   8.79,  0.723,   41.3
    1.2,      1,      0,      0,   7.26,   2.64,   40.8
    1.2,      1,      0,      0,   6.01,   6.36,   42.3
    1.4,    0.5,    0.5,    0.5,   4.45,   3.81,   42.1
   1.06,    0.9,    0.9,    0.9,   3.68,   4.46,   42.5
    1.4,    0.5,    0.5,    0.5,   5.78,   4.02,   42.8
   1.06,    0.9,    0.9,    0.9,   5.66,   4.38,   43.8
   1.06,    0.9,    0.9,    0.9,   6.37,    3.1,   42.9
    1.4,    0.5,    0.5,    0.5,   6.45,   5.06,   41.9
   1.06,    0.9,    0.9,    0.9,   7.54,   5.01,     42
    1.4,    0.5,    0.5,    0.5,   5.97,   4.68,   40.5
   1.06,    0.9,    0.9,    0.9,   5.99,   5.59,   39.9
    1.4,    0.5,    0.5,    0.5,   6.79,   3.64,   39.8
   1.06,    0.9,    0.9,    0.9,   6.16,   3.16,   39.1
   1.06,    0.9,    0.9,    0.9,   7.63,   4.12,   39.3
    1.2,      1,      0,      0,   4.62,   4.16,   40.8
    1.3,      0,      0,      1,   1.27,  -1.32,   42.4
   1.06,    0.9,    0.9,    0.9,  0.336,  -1.74,   42.5
   1.06,    0.9,    0.9,    0.9,    2.1,  -1.92,   42.4
    1.4,    0.5,    0.5,    0.5,   1.41,   0.02,   42.4
    1.4,    0.5,    0.5,    0.5,   2.66,  0.663,   42.3
    1.3,      0,      0,      1,   3.95,  0.179,   42.2
    1.4,    0.5,    0.5,    0.5,   4.67,   1.25,   42.1
   1.06,    0.9,    0.9,    0.9,   5.76,   1.23,     42
    1.3,      0,      0,      1,   3.95,   2.41,   42.2
    1.4,    0.5,    0.5,    0.5,   2.64,   2.03,   42.3
    1.3,      0,      0,      1,   1.57,   2.83,   42.4
    1.4,    0.5,    0.5,    0.5,  0.474,   2.12,   42.5
   1.06,    0.9,    0.9,    0.9, -0.447,   2.69,   42.7
    1.3,      0,      0,      1,  0.324,  0.797,   42.6
   1.96,      1,    0.6,      0,   5.87,    6.7,   43.9
    1.2,      1,      0,      0,   6.15,   8.13,   44.1
    1.2,      1,      0,      0,   6.69,   5.75,   44.7
    1.2,      1,      0,      0,   4.32,   6.41,   44.1
    1.2,      1,      0,      0,   1.13,   8.68,   45.7
    1.4,    0.5,    0.5,    0.5,   1.36,    5.7,   45.5
   1.06,    0.9,    0.9,    0.9,  0.354,   5.78,   45.9
    1.4,    0.5,    0.5,    0.5,   2.31,   6.65,   46.2
   1.06,    0.9,    0.9,    0.9,      2,   6.87,   47.2
   1.06,    0.9,    0.9,    0.9,   3.33,   6.25,   46.3
    1.4,    0.5,    0.5,    0.5,   2.25,   7.89,   45.3
   1.06,    0.9,    0.9,    0.9,   3.15,   8.49,   45.4
    1.4,    0.5,    0.5,    0.5,   2.08,    7.3,   43.9
   1.06,    0.9,    0.9,    0.9,   1.56,   8.05,   43.3
    1.4,    0.5,    0.5,    0.5,   3.35,   6.93,   43.2
   1.06,    0.9,    0.9,    0.9,   3.12,   6.18,   42.4
   1.06,    0.9,    0.9,    0.9,   3.75,   7.82,   42.7
    1.2,      1,      0,      0,   1.29,   6.08,   44.1
    1.3,      0,      0,      1,   -2.3,   1.94,   46.1
   1.06,    0.9,    0.9,    0.9,  -2.89,   2.78,   46.1
   1.06,    0.9,    0.9,    0.9,  -2.73,   1.01,   46.2
    1.2,      1,      0,      0,   1.68, -0.315,   45.8
    1.4,    0.5,    0.5,    0.5,   1.14,  0.792,   45.8
    1.4,    0.5,    0.5,    0.5,   1.74,   2.07,   45.7
    1.3,      0,      0,      1,   3.08,   2.43,   45.5
    1.4,    0.5,    0.5,    0.5,   3.05,   3.73,   45.5
   1.06,    0.9,    0.9,    0.9,   3.94,   4.34,   45.3
    1.3,      0,      0,      1,   1.78,   4.28,   45.5
    1.4,    0.5,    0.5,    0.5,  0.934,    3.2,   45.7
    1.3,      0,      0,      1, -0.418,   3.26,   45.8
    1.4,    0.5,    0.5,    0.5, -0.974,   2.06,   45.9
    1.3,      0,      0,      1, -0.255,  0.884,   45.9
   1.06,    0.9,    0.9,    0.9, -0.783,  0.005,     46
   1.96,      1,    0.6,      0,  0.808,   8.87,   47.3
    1.2,      1,      0,      0,  0.196,   10.2,   47.5
    1.2,      1,      0,      0,   2.03,   8.58,   48.1
    1.2,      1,      0,      0,  -0.27,   7.72,   47.5
    1.2,      1,      0,      0,  -4.19,   7.68,   49.1
    1.4,    0.5,    0.5,    0.5,  -2.25,   5.41,   48.9
   1.06,    0.9,    0.9,    0.9,  -3.11,   4.88,   49.3
    1.4,    0.5,    0.5,    0.5,  -2.04,   6.74,   49.6
   1.06,    0.9,    0.9,    0.9,  -2.42,   6.73,   50.6
   1.06,    0.9,    0.9,    0.9, -0.982,   7.01,   49.6
    1.4,    0.5,    0.5,    0.5,  -2.82,    7.7,   48.7
   1.06,    0.9,    0.9,    0.9,  -2.44,   8.72,   48.8
    1.4,    0.5,    0.5,    0.5,  -2.61,   7.13,   47.3
   1.06,    0.9,    0.9,    0.9,  -3.47,   7.43,   46.7
    1.4,    0.5,    0.5,    0.5,  -1.36,   7.58,   46.6
   1.06,    0.9,    0.9,    0.9,   -1.1,   6.84,   45.8
   1.06,    0.9,    0.9,    0.9,  -1.56,   8.53,   46.1
    1.2,      1,      0,      0,  -2.53,   5.68,   47.5
    1.3,      0,      0,      1,   1.65,  0.802,   49.2
   1.06,    0.9,    0.9,    0.9,   1.75, -0.217,   49.3
   1.06,    0.9,    0.9,    0.9,   2.48,    1.4,   49.1
    1.4,    0.5,    0.5,    0.5,  0.417,   1.35,   49.2
    1.4,    0.5,    0.5,    0.5,  0.191,   2.73,   49.1
    1.3,      0,      0,      1,   1.05,   3.81,   48.9
    1.4,    0.5,    0.5,    0.5,  0.253,   4.83,   48.8
   1.06,    0.9,    0.9,    0.9,  0.608,   5.86,   48.7
    1.3,      0,      0,      1,  -1.07,    4.5,   48.9
    1.4,    0.5,    0.5,    0.5,  -1.11,   3.14,   49.1
    1.3,      0,      0,      1,  -2.21,   2.37,   49.2
    1.4,    0.5,    0.5,    0.5,  -1.87,    1.1,   49.3
   1.06,    0.9,    0.9,    0.9,   -2.7,  0.407,   49.4
    1.3,      0,      0,      1, -0.658,  0.554,   49.3
   1.96,      1,    0.6,      0,  -4.56,   7.65,   50.6
    1.2,      1,      0,      0,  -5.84,   8.37,   50.9
    1.2,      1,      0,      0,   -3.4,   8.14,   51.4
    1.2,      1,      0,      0,  -4.76,   6.09,   50.9
    1.2,      1,      0,      0,   -7.9,   3.75,   52.5
    1.4,    0.5,    0.5,    0.5,     -5,   3.05,   52.3
   1.06,    0.9,    0.9,    0.9,  -5.38,   2.12,   52.7
    1.4,    0.5,    0.5,    0.5,  -5.61,   4.26,     53
   1.06,    0.9,    0.9,    0.9,  -5.92,   4.02,     54
   1.06,    0.9,    0.9,    0.9,  -4.92,    5.1,     53
    1.4,    0.5,    0.5,    0.5,  -6.81,   4.57,   52.1
   1.06,    0.9,    0.9,    0.9,   -7.1,   5.62,   52.2
    1.4,    0.5,    0.5,    0.5,   -6.3,   4.23,   50.7
   1.06,    0.9,    0.9,    0.9,  -7.17,   3.97,   50.1
    1.4,    0.5,    0.5,    0.5,  -5.56,   5.33,     50
   1.06,    0.9,    0.9,    0.9,  -4.91,   4.88,   49.2
   1.06,    0.9,    0.9,    0.9,  -6.28,   5.99,   49.5
    1.2,      1,      0,      0,  -5.39,   3.11,   50.9
    1.3,      0,      0,      1,  0.859,   1.62,   52.6
   1.06,    0.9,    0.9,    0.9,   1.55,  0.856,   52.7
   1.06,    0.9,    0.9,    0.9,   1.18,   2.59,   52.5
    1.4,    0.5,    0.5,    0.5, -0.454,   1.33,   52.6
    1.4,    0.5,    0.5,    0.5,  -1.45,   2.32,   52.4
    1.3,      0,      0,      1,  -1.39,    3.7,   52.3
    1.4,    0.5,    0.5,    0.5,  -2.64,   4.06,   52.2
   1.06,    0.9,    0.9,    0.9,  -2.95,    5.1,   52.1
    1.3,      0,      0,      1,  -3.52,   3.01,   52.3
    1.4,    0.5,    0.5,    0.5,  -2.75,   1.89,   52.4
    1.3,      0,      0,      1,  -3.18,  0.618,   52.6
    1.4,    0.5,    0.5,    0.5,  -2.16, -0.204,   52.7
   1.06,    0.9,    0.9,    0.9,  -2.42,  -1.26,   52.8
    1.3,      0,      0,      1, -0.858,  0.061,   52.7
   1.96,      1,    0.6,      0,  -8.19,   3.51,     54
    1.2,      1,      0,      0,  -9.64,   3.34,   54.2
    1.2,      1,      0,      0,  -7.54,   4.58,   54.8
    1.2,      1,      0,      0,  -7.43,   2.13,   54.3
    1.2,      1,      0,      0,   -8.6,  -1.61,   55.9
    1.4,    0.5,    0.5,    0.5,  -5.84,  -0.47,   55.6
   1.06,    0.9,    0.9,    0.9,   -5.6,  -1.45,   56.1
    1.4,    0.5,    0.5,    0.5,  -7.04,  0.147,   56.3
   1.06,    0.9,    0.9,    0.9,  -7.15, -0.221,   57.4
   1.06,    0.9,    0.9,    0.9,  -6.97,   1.23,   56.4
    1.4,    0.5,    0.5,    0.5,   -8.2,   -0.3,   55.5
   1.06,    0.9,    0.9,    0.9,  -9.05,  0.377,   55.5
    1.4,    0.5,    0.5,    0.5,  -7.58, -0.278,   54.1
   1.06,    0.9,    0.9,    0.9,  -8.13,  -1.01,   53.5
    1.4,    0.5,    0.5,    0.5,  -7.63,   1.04,   53.3
   1.06,    0.9,    0.9,    0.9,  -6.84,   1.06,   52.6
   1.06,    0.9,    0.9,    0.9,   -8.6,   1.15,   52.8
    1.2,      1,      0,      0,  -6.19,  -0.65,   54.3
    1.3,      0,      0,      1,  -1.18,   2.49,   55.8
   1.06,    0.9,    0.9,    0.9,   -1.2,   3.52,   55.8
   1.06,    0.9,    0.9,    0.9, -0.288,      2,   55.9
    1.4,    0.5,    0.5,    0.5,  -2.32,   1.81,   55.8
    1.3,      0,      0,      1,  -2.26,  0.477,   55.9
    1.4,    0.5,    0.5,    0.5,  -3.39, -0.273,   55.8
    1.2,      1,      0,      0,  -3.37,  -1.51,   55.9
    1.3,      0,      0,      1,  -4.62,  0.371,   55.7
    1.4,    0.5,    0.5,    0.5,  -4.68,   1.72,   55.6
   1.06,    0.9,    0.9,    0.9,  -5.66,    2.2,   55.5
    1.4,    0.5,    0.5,    0.5,  -3.56,    2.5,   55.6
   1.06,    0.9,    0.9,    0.9,  -3.61,   3.58,   55.6
   1.96,      1,    0.6,      0,  -8.69,  -1.97,   57.4
    1.2,      1,      0,      0,  -9.76,  -2.96,   57.6
    1.2,      1,      0,      0,  -8.79, -0.723,   58.2
    1.2,      1,      0,      0,  -7.26,  -2.64,   57.7
    1.2,      1,      0,      0,  -6.01,  -6.36,   59.2
    1.4,    0.5,    0.5,    0.5,  -4.45,  -3.81,     59
   1.06,    0.9,    0.9,    0.9,  -3.68,  -4.46,   59.4
    1.4,    0.5,    0.5,    0.5,  -5.78,  -4.02,   59.7
   1.06,    0.9,    0.9,    0.9,  -5.66,  -4.38,   60.7
   1.06,    0.9,    0.9,    0.9,  -6.37,   -3.1,   59.8
    1.4,    0.5,    0.5,    0.5,  -6.45,  -5.06,   58.8
   1.06,    0.9,    0.9,    0.9,  -7.54,  -5.01,   58.9
    1.4,    0.5,    0.5,    0.5,  -5.97,  -4.68,   57.4
   1.06,    0.9,    0.9,    0.9,  -5.99,  -5.59,   56.8
    1.4,    0.5,    0.5,    0.5,  -6.79,  -3.64,   56.7
   1.06,    0.9,    0.9,    0.9,  -6.16,  -3.16,     56
   1.06,    0.9,    0.9,    0.9,  -7.63,  -4.12,   56.2
    1.2,      1,      0,      0,  -4.62,  -4.16,   57.7
    1.2,      1,      0,      0,  -2.48,   1.34,   59.2
    1.4,    0.5,    0.5,    0.5,  -2.97,  0.203,   59.2
    1.3,      0,      0,      1,  -2.18, -0.914,   59.3
   1.06,    0.9,    0.9,    0.9,  -1.17, -0.753,   59.4
    1.4,    0.5,    0.5,    0.5,  -2.59,  -2.23,   59.2
    1.2,      1,      0,      0,  -1.81,  -3.16,   59.3
    1.3,      0,      0,      1,  -3.95,  -2.41,   59.1
    1.4,    0.5,    0.5,    0.5,  -4.82,  -1.36,     59
   1.06,    0.9,    0.9,    0.9,  -5.89,  -1.55,   58.8
    1.4,    0.5,    0.5,    0.5,  -4.38, -0.084,     59
    1.4,    0.5,    0.5,    0.5,  -5.29,    1.1,   58.9
   1.06,    0.9,    0.9,    0.9,  -4.69,   2.02,   58.9
   1.06,    0.9,    0.9,    0.9,  -5.88,   1.02,     58
   1.06,    0.9,    0.9,    0.9,  -5.95,   1.14,   59.8
   1.96,      1,    0.6,      0,  -5.87,   -6.7,   60.8
    1.2,      1,      0,      0,  -6.15,  -8.13,     61
    1.2,      1,      0,      0,  -6.69,  -5.75,   61.6
    1.2,      1,      0,      0,  -4.32,  -6.41,     61
    1.2,      1,      0,      0,  -1.13,  -8.68,   62.6
    1.4,    0.5,    0.5,    0.5,  -1.36,   -5.7,   62.4
   1.06,    0.9,    0.9,    0.9, -0.354,  -5.78,   62.8
    1.4,    0.5,    0.5,    0.5,  -2.31,  -6.65,   63.1
   1.06,    0.9,    0.9,    0.9,     -2,  -6.87,   64.1
   1.06,    0.9,    0.9,    0.9,  -3.33,  -6.25,   63.2
    1.4,    0.5,    0.5,    0.5,  -2.25,  -7.89,   62.2
   1.06,    0.9,    0.9,    0.9,  -3.15,  -8.49,   62.3
    1.4,    0.5,    0.5,    0.5,  -2.08,   -7.3,   60.8
   1.06,    0.9,    0.9,    0.9,  -1.56,  -8.05,   60.2
    1.4,    0.5,    0.5,    0.5,  -3.35,  -6.93,   60.1
   1.06,    0.9,    0.9,    0.9,  -3.12,  -6.18,   59.3
   1.06,    0.9,    0.9,    0.9,  -3.75,  -7.82,   59.6
    1.2,      1,      0,      0,  -1.29,  -6.08,     61
    1.3,      0,      0,      1,   -1.8,  0.318,   62.7
   1.06,    0.9,    0.9,    0.9,  -1.29,   1.21,   62.8
   1.06,    0.9,    0.9,    0.9,  -2.83,   0.32,   62.6
    1.4,    0.5,    0.5,    0.5,  -1.13, -0.845,   62.7
    1.4,    0.5,    0.5,    0.5,  -1.76,   -2.1,   62.6
    1.3,      0,      0,      1,  -3.09,  -2.46,   62.4
    1.4,    0.5,    0.5,    0.5,  -3.04,  -3.76,   62.4
   1.06,    0.9,    0.9,    0.9,  -3.94,  -4.38,   62.3
    1.3,      0,      0,      1,  -1.78,  -4.28,   62.4
    1.4,    0.5,    0.5,    0.5, -0.945,  -3.19,   62.6
    1.3,      0,      0,      1,  0.395,  -3.22,   62.7
    1.4,    0.5,    0.5,    0.5,  0.862,  -1.99,   62.8
   1.06,    0.9,    0.9,    0.9,   1.94,  -1.92,   62.9
    1.3,      0,      0,      1,  0.207, -0.835,   62.8
   1.96,      1,    0.6,      0,   4.56,   7.65,   64.9
    1.2,      1,      0,      0,   5.84,   8.37,   64.7
    1.2,      1,      0,      0,    3.4,   8.14,   64.2
    1.2,      1,      0,      0,   4.76,   6.09,   64.7
    1.2,      1,      0,      0,    7.9,   3.75,   63.1
    1.4,    0.5,    0.5,    0.5,      5,   3.05,   63.3
   1.06,    0.9,    0.9,    0.9,   5.38,   2.12,   62.9
    1.4,    0.5,    0.5,    0.5,   5.61,   4.26,   62.6
   1.06,    0.9,    0.9,    0.9,   5.92,   4.02,   61.6
   1.06,    0.9,    0.9,    0.9,   4.92,    5.1,   62.6
    1.4,    0.5,    0.5,    0.5,   6.81,   4.57,   63.5
   1.06,    0.9,    0.9,    0.9,    7.1,   5.62,   63.4
    1.4,    0.5,    0.5,    0.5,    6.3,   4.23,   64.9
   1.06,    0.9,    0.9,    0.9,   7.17,   3.97,   65.5
    1.4,    0.5,    0.5,    0.5,   5.56,   5.33,   65.6
   1.06,    0.9,    0.9,    0.9,   4.91,   4.88,   66.4
   1.06,    0.9,    0.9,    0.9,   6.28,   5.99,   66.1
    1.2,      1,      0,      0,   5.39,   3.11,   64.7
    1.2,      1,      0,      0, -0.505,   2.77,   63.1
    1.4,    0.5,    0.5,    0.5,  0.726,   2.89,   63.2
    1.3,      0,      0,      1,   1.54,   1.79,   63.1
   1.06,    0.9,    0.9,    0.9,   1.08,  0.875,     63
    1.4,    0.5,    0.5,    0.5,   2.92,   1.78,   63.1
    1.2,      1,      0,      0,   3.56,  0.745,     63
    1.3,      0,      0,      1,   3.52,   3.01,   63.3
    1.4,    0.5,    0.5,    0.5,   2.78,   4.17,   63.4
   1.06,    0.9,    0.9,    0.9,   3.29,   5.12,   63.5
    1.4,    0.5,    0.5,    0.5,   1.43,   4.14,   63.3
    1.4,    0.5,    0.5,    0.5,  0.583,   5.37,   63.4
   1.06,    0.9,    0.9,    0.9,   1.22,   6.25,   63.5
   1.06,    0.9,    0.9,    0.9, -0.092,   5.42,   62.6
   1.06,    0.9,    0.9,    0.9,  0.001,   5.33,   64.4
   1.96,      1,    0.6,      0,   8.19,   3.51,   61.6
    1.2,      1,      0,      0,   9.64,   3.34,   61.3
    1.2,      1,      0,      0,   7.54,   4.58,   60.8
    1.2,      1,      0,      0,   7.43,   2.13,   61.3
    1.2,      1,      0,      0,    8.6,  -1.61,   59.7
    1.4,    0.5,    0.5,    0.5,   5.84,  -0.47,     60
   1.06,    0.9,    0.9,    0.9,    5.6,  -1.45,   59.5
    1.4,    0.5,    0.5,    0.5,   7.04,  0.147,   59.2
   1.06,    0.9,    0.9,    0.9,   7.15, -0.221,   58.2
   1.06,    0.9,    0.9,    0.9,   6.97,   1.23,   59.2
    1.4,    0.5,    0.5,    0.5,    8.2,   -0.3,   60.1
   1.06,    0.9,    0.9,    0.9,   9.05,  0.377,   60.1
    1.4,    0.5,    0.5,    0.5,   7.58, -0.278,   61.5
   1.06,    0.9,    0.9,    0.9,   8.13,  -1.01,   62.1
    1.4,    0.5,    0.5,    0.5,   7.63,   1.04,   62.3
   1.06,    0.9,    0.9,    0.9,   6.84,   1.06,     63
   1.06,    0.9,    0.9,    0.9,    8.6,   1.15,   62.7
    1.2,      1,      0,      0,   6.19,  -0.65,   61.3
    1.3,      0,      0,      1,  0.254,   1.81,   59.6
   1.06,    0.9,    0.9,    0.9, -0.749,    1.6,   59.5
   1.06,    0.9,    0.9,    0.9,   0.57,   2.79,   59.7
    1.4,    0.5,    0.5,    0.5,   1.15,  0.813,   59.6
    1.4,    0.5,    0.5,    0.5,   2.54,   1.03,   59.8
    1.3,      0,      0,      1,    3.3,   2.17,   59.9
    1.4,    0.5,    0.5,    0.5,   4.52,   1.73,     60
   1.06,    0.9,    0.9,    0.9,   5.38,   2.39,   60.1
    1.3,      0,      0,      1,   4.62,  0.371,   59.9
    1.4,    0.5,    0.5,    0.5,   3.33, -0.088,   59.8
    1.3,      0,      0,      1,   2.94,  -1.37,   59.6
    1.4,    0.5,    0.5,    0.5,   1.63,  -1.44,   59.5
   1.06,    0.9,    0.9,    0.9,   1.22,  -2.44,   59.4
    1.3,      0,      0,      1,   0.73, -0.455,   59.5
   1.96,      1,    0.6,      0,   8.69,  -1.97,   58.2
    1.2,      1,      0,      0,   9.76,  -2.96,     58
    1.2,      1,      0,      0,   8.79, -0.723,   57.4
    1.2,      1,      0,      0,   7.26,  -2.64,   57.9
    1.2,      1,      0,      0,   6.01,  -6.36,   56.4
    1.4,    0.5,    0.5,    0.5,   4.45,  -3.81,   56.6
   1.06,    0.9,    0.9,    0.9,   3.68,  -4.46,   56.2
    1.4,    0.5,    0.5,    0.5,   5.78,  -4.02,   55.9
   1.06,    0.9,    0.9,    0.9,   5.66,  -4.38,   54.8
   1.06,    0.9,    0.9,    0.9,   6.37,   -3.1,   55.8
    1.4,    0.5,    0.5,    0.5,   6.45,  -5.06,   56.7
   1.06,    0.9,    0.9,    0.9,   7.54,  -5.01,   56.7
    1.4,    0.5,    0.5,    0.5,   5.97,  -4.68,   58.1
   1.06,    0.9,    0.9,    0.9,   5.99,  -5.59,   58.7
    1.4,    0.5,    0.5,    0.5,   6.79,  -3.64,   58.9
   1.06,    0.9,    0.9,    0.9,   6.16,  -3.16,   59.6
   1.06,    0.9,    0.9,    0.9,   7.63,  -4.12,   59.4
    1.2,      1,      0,      0,   4.62,  -4.16,   57.9
    1.3,      0,      0,      1, -0.718,  -2.92,     56
   1.06,    0.9,    0.9,    0.9, -0.705,  -3.95,     56
   1.06,    0.9,    0.9,    0.9,  -1.61,  -2.42,   55.9
    1.2,      1,      0,      0,   1.18,   1.24,   56.2
    1.4,    0.5,    0.5,    0.5,   1.39,  0.031,   56.3
    1.4,    0.5,    0.5,    0.5,   2.62, -0.653,   56.4
    1.3,      0,      0,      1,   3.92, -0.157,   56.5
    1.4,    0.5,    0.5,    0.5,   4.66,  -1.23,   56.6
   1.06,    0.9,    0.9,    0.9,   5.74,   -1.2,   56.7
    1.3,      0,      0,      1,   3.95,  -2.41,   56.5
    1.4,    0.5,    0.5,    0.5,   2.63,  -2.04,   56.4
    1.3,      0,      0,      1,   1.58,  -2.88,   56.3
    1.4,    0.5,    0.5,    0.5,  0.423,  -2.24,   56.1
    1.3,      0,      0,      1,  0.313, -0.865,   56.1
   1.06,    0.9,    0.9,    0.9, -0.631, -0.464,     56
   1.96,      1,    0.6,      0,   5.87,   -6.7,   54.8
    1.2,      1,      0,      0,   6.15,  -8.13,   54.6
    1.2,      1,      0,      0,   6.69,  -5.75,     54
    1.2,      1,      0,      0,   4.32,  -6.41,   54.6
    1.2,      1,      0,      0,   1.13,  -8.68,     53
    1.4,    0.5,    0.5,    0.5,   1.36,   -5.7,   53.2
   1.06,    0.9,    0.9,    0.9,  0.354,  -5.78,   52.8
    1.4,    0.5,    0.5,    0.5,   2.31,  -6.65,   52.5
   1.06,    0.9,    0.9,    0.9,      2,  -6.87,   51.5
   1.06,    0.9,    0.9,    0.9,   3.33,  -6.25,   52.4
    1.4,    0.5,    0.5,    0.5,   2.25,  -7.89,   53.4
   1.06,    0.9,    0.9,    0.9,   3.15,  -8.49,   53.3
    1.4,    0.5,    0.5,    0.5,   2.08,   -7.3,   54.8
   1.06,    0.9,    0.9,    0.9,   1.56,  -8.05,   55.4
    1.4,    0.5,    0.5,    0.5,   3.35,  -6.93,   55.5
   1.06,    0.9,    0.9,    0.9,   3.12,  -6.18,   56.2
   1.06,    0.9,    0.9,    0.9,   3.75,  -7.82,     56
    1.2,      1,      0,      0,   1.29,  -6.08,   54.6
    1.2,      1,      0,      0,   2.79, -0.377,     53
    1.4,    0.5,    0.5,    0.5,   2.52,  -1.58,     53
    1.3,      0,      0,      1,   1.22,  -2.02,     53
   1.06,    0.9,    0.9,    0.9,    0.5,  -1.29,   52.8
    1.4,    0.5,    0.5,    0.5,  0.787,  -3.33,     53
    1.2,      1,      0,      0, -0.393,  -3.62,   52.9
    1.3,      0,      0,      1,   1.78,  -4.27,   53.1
    1.4,    0.5,    0.5,    0.5,    3.1,  -3.93,   53.2
   1.06,    0.9,    0.9,    0.9,   3.85,  -4.71,   53.4
    1.4,    0.5,    0.5,    0.5,   3.49,  -2.64,   53.2
    1.4,    0.5,    0.5,    0.5,   4.93,  -2.21,   53.3
   1.06,    0.9,    0.9,    0.9,   5.57,  -3.09,   53.3
   1.06,    0.9,    0.9,    0.9,   5.18,  -1.59,   52.5
   1.06,    0.9,    0.9,    0.9,   5.07,  -1.65,   54.2
   1.96,      1,    0.6,      0,  0.808,  -8.87,   51.4
    1.2,      1,      0,      0,  0.196,  -10.2,   51.2
    1.2,      1,      0,      0,   2.03,  -8.58,   50.6
    1.2,      1,      0,      0,  -0.27,  -7.72,   51.2
    1.2,      1,      0,      0,  -4.19,  -7.68,   49.6
    1.4,    0.5,    0.5,    0.5,  -2.25,  -5.41,   49.8
   1.06,    0.9,    0.9,    0.9,  -3.11,  -4.88,   49.4
    1.4,    0.5,    0.5,    0.5,  -2.04,  -6.74,   49.1
   1.06,    0.9,    0.9,    0.9,  -2.42,  -6.73,   48.1
   1.06,    0.9,    0.9,    0.9, -0.982,  -7.01,   49.1
    1.4,    0.5,    0.5,    0.5,  -2.82,   -7.7,     50
   1.06,    0.9,    0.9,    0.9,  -2.44,  -8.72,   49.9
    1.4,    0.5,    0.5,    0.5,  -2.61,  -7.13,   51.4
   1.06,    0.9,    0.9,    0.9,  -3.47,  -7.43,     52
    1.4,    0.5,    0.5,    0.5,  -1.36,  -7.58,   52.1
   1.06,    0.9,    0.9,    0.9,   -1.1,  -6.84,   52.9
   1.06,    0.9,    0.9,    0.9,  -1.56,  -8.53,   52.6
    1.2,      1,      0,      0,  -2.53,  -5.68,   51.2
    1.2,      1,      0,      0,   2.04,  -1.95,   49.6
    1.4,    0.5,    0.5,    0.5,   1.11,  -2.77,   49.7
    1.3,      0,      0,      1, -0.197,  -2.35,   49.6
   1.06,    0.9,    0.9,    0.9, -0.356,  -1.34,   49.5
    1.4,    0.5,    0.5,    0.5,  -1.32,  -3.15,   49.6
    1.2,      1,      0,      0,  -2.44,   -2.7,   49.5
    1.3,      0,      0,      1,  -1.07,   -4.5,   49.8
    1.4,    0.5,    0.5,    0.5,  0.201,  -5.01,   49.9
   1.06,    0.9,    0.9,    0.9,  0.347,  -6.08,     50
    1.4,    0.5,    0.5,    0.5,   1.27,  -4.19,   49.8
    1.4,    0.5,    0.5,    0.5,   2.68,  -4.69,   49.9
   1.06,    0.9,    0.9,    0.9,   2.69,  -5.78,   49.9
   1.06,    0.9,    0.9,    0.9,   3.26,  -4.33,   49.1
   1.06,    0.9,    0.9,    0.9,   3.13,  -4.31,   50.8
   1.96,      1,    0.6,      0,  -4.56,  -7.65,     48
    1.2,      1,      0,      0,  -5.84,  -8.37,   47.8
    1.2,      1,      0,      0,   -3.4,  -8.14,   47.3
    1.2,      1,      0,      0,  -4.76,  -6.09,   47.8
    1.2,      1,      0,      0,   -7.9,  -3.75,   46.2
    1.4,    0.5,    0.5,    0.5,     -5,  -3.05,   46.4
   1.06,    0.9,    0.9,    0.9,  -5.38,  -2.12,     46
    1.4,    0.5,    0.5,    0.5,  -5.61,  -4.26,   45.7
   1.06,    0.9,    0.9,    0.9,  -5.92,  -4.02,   44.7
   1.06,    0.9,    0.9,    0.9,  -4.92,   -5.1,   45.7
    1.4,    0.5,    0.5,    0.5,  -6.81,  -4.57,   46.6
   1.06,    0.9,    0.9,    0.9,   -7.1,  -5.62,   46.5
    1.4,    0.5,    0.5,    0.5,   -6.3,  -4.23,     48
   1.06,    0.9,    0.9,    0.9,  -7.17,  -3.97,   48.6
    1.4,    0.5,    0.5,    0.5,  -5.56,  -5.33,   48.7
   1.06,    0.9,    0.9,    0.9,  -4.91,  -4.88,   49.5
   1.06,    0.9,    0.9,    0.9,  -6.28,  -5.99,   49.2
    1.2,      1,      0,      0,  -5.39,  -3.11,   47.8
    1.3,      0,      0,      1,  0.508,  -2.71,   46.2
   1.06,    0.9,    0.9,    0.9,    1.1,  -3.55,   46.3
   1.06,    0.9,    0.9,    0.9,   0.94,  -1.78,   46.1
    1.4,    0.5,    0.5,    0.5,  -0.81,  -2.83,   46.3
    1.3,      0,      0,      1,  -1.55,  -1.71,   46.2
    1.4,    0.5,    0.5,    0.5,   -2.9,  -1.77,   46.2
    1.2,      1,      0,      0,  -3.61, -0.761,   46.1
    1.3,      0,      0,      1,  -3.52,  -3.01,   46.4
    1.4,    0.5,    0.5,    0.5,  -2.77,  -4.15,   46.5
   1.06,    0.9,    0.9,    0.9,  -3.28,   -5.1,   46.6
    1.4,    0.5,    0.5,    0.5,  -1.42,  -4.11,   46.4
   1.06,    0.9,    0.9,    0.9, -0.819,  -5.02,   46.5
   1.96,      1,    0.6,      0,  -8.19,  -3.51,   44.7
    1.2,      1,      0,      0,  -9.64,  -3.34,   44.4
    1.2,      1,      0,      0,  -7.54,  -4.58,   43.9
    1.2,      1,      0,      0,  -7.43,  -2.13,   44.4
    1.2,      1,      0,      0,   -8.6,   1.61,   42.8
    1.4,    0.5,    0.5,    0.5,  -5.84,   0.47,   43.1
   1.06,    0.9,    0.9,    0.9,   -5.6,   1.45,   42.6
    1.4,    0.5,    0.5,    0.5,  -7.04, -0.147,   42.3
   1.06,    0.9,    0.9,    0.9,  -7.15,  0.221,   41.3
   1.06,    0.9,    0.9,    0.9,  -6.97,  -1.23,   42.3
    1.4,    0.5,    0.5,    0.5,   -8.2,    0.3,   43.2
   1.06,    0.9,    0.9,    0.9,  -9.05, -0.377,   43.2
    1.4,    0.5,    0.5,    0.5,  -7.58,  0.278,   44.6
   1.06,    0.9,    0.9,    0.9,  -8.13,   1.01,   45.2
    1.4,    0.5,    0.5,    0.5,  -7.63,  -1.04,   45.4
   1.06,    0.9,    0.9,    0.9,  -6.84,  -1.06,   46.1
   1.06,    0.9,    0.9,    0.9,   -8.6,  -1.15,   45.8
    1.2,      1,      0,      0,  -6.19,   0.65,   44.4
    1.2,      1,      0,      0,  -1.22,  -2.54,   42.9
    1.4,    0.5,    0.5,    0.5,  -2.29,  -1.91,   42.9
    1.3,      0,      0,      1,   -2.3, -0.539,   42.8
   1.06,    0.9,    0.9,    0.9,  -1.39, -0.076,   42.7
    1.4,    0.5,    0.5,    0.5,  -3.41,   0.28,   42.9
    1.2,      1,      0,      0,  -3.32,   1.49,   42.8
    1.3,      0,      0,      1,  -4.62, -0.371,     43
    1.4,    0.5,    0.5,    0.5,   -4.7,  -1.74,   43.1
   1.06,    0.9,    0.9,    0.9,  -5.67,  -2.21,   43.2
    1.4,    0.5,    0.5,    0.5,  -3.59,  -2.51,   43.1
    1.4,    0.5,    0.5,    0.5,  -3.63,     -4,   43.2
   1.06,    0.9,    0.9,    0.9,  -4.66,  -4.34,   43.2
   1.06,    0.9,    0.9,    0.9,  -3.11,  -4.44,   42.3
   1.06,    0.9,    0.9,    0.9,  -3.13,  -4.31,   44.1
   1.96,      1,    0.6,      0,  -8.69,   1.97,   41.3
    1.2,      1,      0,      0,  -9.76,   2.96,   41.1
    1.2,      1,      0,      0,  -8.79,  0.723,   40.5
    1.2,      1,      0,      0,  -7.26,   2.64,     41
    1.2,      1,      0,      0,  -6.01,   6.36,   39.5
    1.4,    0.5,    0.5,    0.5,  -4.45,   3.81,   39.7
   1.06,    0.9,    0.9,    0.9,  -3.68,   4.46,   39.3
    1.4,    0.5,    0.5,    0.5,  -5.78,   4.02,     39
   1.06,    0.9,    0.9,    0.9,  -5.66,   4.38,   37.9
   1.06,    0.9,    0.9,    0.9,  -6.37,    3.1,   38.9
    1.4,    0.5,    0.5,    0.5,  -6.45,   5.06,   39.8
   1.06,    0.9,    0.9,    0.9,  -7.54,   5.01,   39.8
    1.4,    0.5,    0.5,    0.5,  -5.97,   4.68,   41.2
   1.06,    0.9,    0.9,    0.9,  -5.99,   5.59,   41.8
    1.4,    0.5,    0.5,    0.5,  -6.79,   3.64,     42
   1.06,    0.9,    0.9,    0.9,  -6.16,   3.16,   42.7
   1.06,    0.9,    0.9,    0.9,  -7.63,   4.12,   42.5
    1.2,      1,      0,      0,  -4.62,   4.16,     41
    1.2,      1,      0,      0,  -2.48,  -1.34,   39.5
    1.4,    0.5,    0.5,    0.5,  -2.97, -0.203,   39.5
    1.3,      0,      0,      1,  -2.18,  0.914,   39.4
   1.06,    0.9,    0.9,    0.9,  -1.17,  0.753,   39.3
    1.4,    0.5,    0.5,    0.5,  -2.59,   2.23,   39.5
    1.2,      1,      0,      0,  -1.81,   3.16,   39.4
    1.3,      0,      0,      1,  -3.95,   2.41,   39.6
    1.4,    0.5,    0.5,    0.5,  -4.82,   1.36,   39.7
   1.06,    0.9,    0.9,    0.9,  -5.89,   1.55,   39.8
    1.4,    0.5,    0.5,    0.5,  -4.38,  0.084,   39.7
    1.4,    0.5,    0.5,    0.5,  -5.29,   -1.1,   39.8
   1.06,    0.9,    0.9,    0.9,  -6.32, -0.771,   39.8
   1.06,    0.9,    0.9,    0.9,  -5.13,  -1.76,   38.9
   1.06,    0.9,    0.9,    0.9,  -5.07,  -1.65,   40.7
   1.96,      1,    0.6,      0,  -5.87,    6.7,   37.9
    1.2,      1,      0,      0,  -6.15,   8.13,   37.7
    1.2,      1,      0,      0,  -6.69,   5.75,   37.1
    1.2,      1,      0,      0,  -4.32,   6.41,   37.7
    1.2,      1,      0,      0,  -1.13,   8.68,   36.1
    1.4,    0.5,    0.5,    0.5,  -1.36,    5.7,   36.3
   1.06,    0.9,    0.9,    0.9, -0.354,   5.78,   35.9
    1.4,    0.5,    0.5,    0.5,  -2.31,   6.65,   35.6
   1.06,    0.9,    0.9,    0.9,     -2,   6.87,   34.6
   1.06,    0.9,    0.9,    0.9,  -3.33,   6.25,   35.5
    1.4,    0.5,    0.5,    0.5,  -2.25,   7.89,   36.5
   1.06,    0.9,    0.9,    0.9,  -3.15,   8.49,   36.4
    1.4,    0.5,    0.5,    0.5,  -2.08,    7.3,   37.9
   1.06,    0.9,    0.9,    0.9,  -1.56,   8.05,   38.5
    1.4,    0.5,    0.5,    0.5,  -3.35,   6.93,   38.6
   1.06,    0.9,    0.9,    0.9,  -3.12,   6.18,   39.4
   1.06,    0.9,    0.9,    0.9,  -3.75,   7.82,   39.1
    1.2,      1,      0,      0,  -1.29,   6.08,   37.7
    1.3,      0,      0,      1,    2.3,   1.94,   35.7
   1.06,    0.9,    0.9,    0.9,   2.89,   2.78,   35.7
   1.06,    0.9,    0.9,    0.9,   2.73,   1.01,   35.6
    1.2,      1,      0,      0,  -1.68, -0.315,     36
    1.4,    0.5,    0.5,    0.5,  -1.14,  0.792,     36
    1.4,    0.5,    0.5,    0.5,  -1.74,   2.07,   36.1
    1.3,      0,      0,      1,  -3.08,   2.43,   36.2
    1.4,    0.5,    0.5,    0.5,  -3.05,   3.73,   36.3
   1.06,    0.9,    0.9,    0.9,  -3.94,   4.34,   36.4
    1.3,      0,      0,      1,  -1.78,   4.28,   36.2
    1.4,    0.5,    0.5,    0.5, -0.934,    3.2,   36.1
    1.3,      0,      0,      1,  0.418,   3.26,     36
    1.4,    0.5,    0.5,    0.5,  0.974,   2.06,   35.9
    1.3,      0,      0,      1,  0.255,  0.884,   35.9
   1.06,    0.9,    0.9,    0.9,  0.783,  0.005,   35.8
   1.96,      1,    0.6,      0, -0.808,   8.87,   34.5
    1.2,      1,      0,      0, -0.196,   10.2,   34.3
    1.2,      1,      0,      0,  -2.03,   8.58,   33.7
    1.2,      1,      0,      0,   0.27,   7.72,   34.3
    1.2,      1,      0,      0,   4.19,   7.68,   32.7
    1.4,    0.5,    0.5,    0.5,   2.25,   5.41,   32.9
   1.06,    0.9,    0.9,    0.9,   3.11,   4.88,   32.5
    1.4,    0.5,    0.5,    0.5,   2.04,   6.74,   32.2
   1.06,    0.9,    0.9,    0.9,   2.42,   6.73,   31.2
   1.06,    0.9,    0.9,    0.9,  0.982,   7.01,   32.2
    1.4,    0.5,    0.5,    0.5,   2.82,    7.7,   33.1
   1.06,    0.9,    0.9,    0.9,   2.44,   8.72,     33
    1.4,    0.5,    0.5,    0.5,   2.61,   7.13,   34.5
   1.06,    0.9,    0.9,    0.9,   3.47,   7.43,   35.1
    1.4,    0.5,    0.5,    0.5,   1.36,   7.58,   35.2
   1.06,    0.9,    0.9,    0.9,    1.1,   6.84,     36
   1.06,    0.9,    0.9,    0.9,   1.56,   8.53,   35.7
    1.2,      1,      0,      0,   2.53,   5.68,   34.3
    1.2,      1,      0,      0,  -2.04,   1.95,   32.7
    1.4,    0.5,    0.5,    0.5,  -1.11,   2.77,   32.8
    1.3,      0,      0,      1,  0.197,   2.35,   32.7
   1.06,    0.9,    0.9,    0.9,  0.356,   1.34,   32.6
    1.4,    0.5,    0.5,    0.5,   1.32,   3.15,   32.7
    1.2,      1,      0,      0,   2.44,    2.7,   32.6
    1.3,      0,      0,      1,   1.07,    4.5,   32.9
    1.4,    0.5,    0.5,    0.5, -0.201,   5.01,     33
   1.06,    0.9,    0.9,    0.9, -0.347,   6.08,   33.1
    1.4,    0.5,    0.5,    0.5,  -1.27,   4.19,   32.9
    1.4,    0.5,    0.5,    0.5,  -2.68,   4.69,     33
   1.06,    0.9,    0.9,    0.9,  -2.69,   5.78,     33
   1.06,    0.9,    0.9,    0.9,  -3.26,   4.33,   32.2
   1.06,    0.9,    0.9,    0.9,  -3.13,   4.31,   33.9
