# NAME SHAPE CHAIN_ID STRAND_ID BP_INDEX SIZE_X SIZE_Y SIZE_Z POS_X POS_Y POS_Z ROT_X ROT_Y ROT_Z
Phosphate sphere 0 0 0 2.28235386685 2.28235386685 2.28235386685 -0.635905322582 8.81558497913 4.31706910529 0.0 0.0666801907586 0.0
Sugar sphere 0 0 0 2.6321398256 2.6321398256 2.6321398256 2.34529377486 6.73743447392 3.24786304495 0.0 0.0526202367914 0.0
Guanine ellipse 0 0 0 3.63150302541 3.79995327655 1.88728803748 0.650713407798 2.32153014592 2.32310736275 0.0 0.0366486136147 0.0
Phosphate sphere 0 1 0 2.28235386685 2.28235386685 2.28235386685 -0.779890171626 -8.81558497913 0.0 0.0 -0.0 0.0
Sugar sphere 0 1 0 2.6321398256 2.6321398256 2.6321398256 2.26592584945 -6.73743447392 0.868190315431 0.0 0.0140599539672 0.0
Cytosine ellipse 0 1 0 3.59734130793 3.06633133132 1.77936085548 0.0611589159297 -3.34332745698 1.79406956282 0.0 0.0280469610718 0.0
Phosphate sphere 0 0 1 2.28235386685 2.28235386685 2.28235386685 -5.32256623974 6.67355012219 8.25795692168 0.0698939620845 0.0958280669749 0.631671359364
Sugar sphere 0 0 1 2.6321398256 2.6321398256 2.6321398256 -1.77120413475 6.7789892621 6.89846402848 0.0615621023765 0.0844779186294 0.630921217971
Adenine ellipse 0 0 1 3.43071072475 3.74350414063 1.93195792885 -2.10958623756 2.6672745993 6.03769344548 0.0536211890699 0.0736345010399 0.630294080689
Phosphate sphere 0 1 1 2.28235386685 2.28235386685 2.28235386685 4.63068526271 -7.59036600477 3.08258917996 0.0305040146294 0.0419540310333 0.628958557387
Sugar sphere 0 1 1 2.6321398256 2.6321398256 2.6321398256 5.91487828397 -4.12240871367 3.83560592353 0.0387871213118 0.0533219145741 0.629353007191
Thymine ellipse 0 1 1 4.20594307927 3.04044782148 2.00335871121 1.9677977263 -1.84301263326 5.06169630303 0.0479168103291 0.0658313322219 0.629896615928
